11.5131811192259 11.5859979856759
1.27044383902103 12.404579538852
11.6126212943345 11.5049605863169
18.6690939124674 12.135941865854
11.3832552498206 14.0352341951802
6.10139414202422 17.373027340509
1.86329364776611 18.8442989019677
7.52184983808547 11.8348154425621
9.97234223410487 11.9657202903181
9.68683145940304 1.32284903433174
18.8056016154587 3.15620056819171
3.05879465304315 9.93098439183086
15.581967914477 7.26727609056979
5.67274206317961 12.4665783951059
13.2904984336346 18.113575624302
2.46447353158146 6.40897158533335
9.6528417384252 15.1362384809181
13.3175654290244 8.85069233365357
19.3954448634759 10.248401821591
17.6500723045319 0.279006096534431
4.82173843309283 5.92816200572997
19.6434126095846 13.4931753762066
0.751965008676052 17.5473680719733
12.3431976512074 8.03189049474895
18.7710766028613 1.04062811005861
16.5574499126524 8.8277825480327
7.69294679164886 5.6044073915109
19.2544904816896 12.9601609613746
5.21006899885833 10.8818304818124
6.09416095074266 17.0571312401444
11.6556026041508 11.7485014814883
6.75690976437181 17.9862203914672
7.62714907992631 10.5598938046023
17.2801798721775 13.2157962117344
2.83621046692133 12.1805822663009
4.22842112835497 17.3448044247925
5.00315968878567 16.4133895561099
1.29036248661578 9.7381646418944
8.93876803573221 0.269023450091481
4.522251826711 1.78174439352006
4.07161236274987 8.23497834615409
3.31391472369432 13.3247995143756
17.4106245208532 2.39898003637791
10.0097697414458 11.8598694447428
4.08556410111487 3.53900277521461
4.81864067725837 4.5286962389946
9.22082461416721 1.42671902664006
15.0260970974341 2.80922401696444
12.1037715161219 9.75531683303416
10.3621876472607 4.68428099527955
19.1095895506442 15.868256399408
6.13719041924924 18.5647312318906
11.0236943047494 11.9927630061284
9.8176157195121 2.0990861300379
16.0802110238001 3.38877061847597
15.9478946309537 3.25494216289371
3.28861537389457 12.9961371794343
4.84729978721589 0.505391829647124
17.8331669233739 14.1895935684443
14.7641899622977 15.8902394399047
7.91029988788068 7.32523724902421
8.74811145011336 15.5933403922245
6.24168248381466 11.3692983891815
13.4890436148271 7.4148096004501
4.55120571888983 0.132528999820352
7.78647647704929 9.49586065486073
17.9677761346102 14.78002701886
5.07702356670052 11.6398837883025
0.577682754956186 5.1328935706988
7.21341377589852 6.58653480932117
14.6762590715662 11.4110007509589
0.512737822718918 7.72966749034822
8.13345292583108 18.1021526968107
7.29838385246694 10.9823754848912
14.2092859232798 3.23136957827955
2.89847676176578 5.00719319097698
6.47790632210672 4.51878575608134
13.1996137555689 17.7609569719061
15.9663521451876 12.1196652436629
11.5757460426539 4.16402840055525
14.7672659158707 9.49306026101112
14.8964342102408 9.79919499717653
9.89269464276731 4.70772108063102
1.69845857191831 15.5799253052101
11.0800463939086 4.76992573589087
6.92603589966893 10.0351797835901
8.47868815530092 7.23362075164914
12.8671504510567 11.0163471801206
8.18105889949948 6.37605994939804
8.88471399899572 10.0105524621904
19.3065252527595 2.55302792880684
18.320245416835 0.111788874492049
10.1490916917101 15.9078344004229
15.9169245650992 4.16531001217663
11.3982266699895 11.1264205304906
12.4141757003963 17.9908342147246
9.98461656738073 6.44157883711159
6.50862777605653 0.161949601024389
10.4576290212572 9.12823444698006
10.0586047768593 9.42571455612779
2.02987698838115 6.14935331512243
6.65950637776405 17.8851581085473
4.69241957645863 6.02777312975377
0.215985043905675 9.59790222812444
2.92212197557092 15.8905811980367
3.81268158555031 10.6578118354082
5.96123591531068 6.44712407141924
12.9214914236218 17.457956825383
6.05300294235349 17.6088163303211
13.1296611065045 3.75281096436083
13.0457738507539 17.1797724114731
15.507073351182 14.0464096749201
13.2963484851643 4.52705680392683
15.9111897135153 5.56758598424494
3.41952227521688 2.60293039027601
8.22754664812237 2.35541416332126
7.42495386395603 4.54470101278275
7.19485722016543 4.6701596910134
1.96626565884799 0.843429313972592
5.62368286307901 11.7327063856646
18.1931146560237 4.80104834772646
5.26061582844704 16.1567431036383
5.16527598723769 5.59297106228769
16.1847253050655 13.565831691958
18.7357098143548 9.24330454785377
12.5472361128777 3.1420196313411
5.31645399518311 14.5694506587461
4.77157817222178 7.27555475663394
5.2634048787877 1.65211159270257
10.9859097748995 14.8938201088458
17.2037273878232 19.7212744271383
11.4357691956684 13.2920292252675
0.516916420310736 9.42454418633133
13.2861425494775 18.17262487486
1.56645022332668 9.10856854636222
8.17828269209713 5.87940440978855
11.4145154971629 3.68068116251379
7.19616038259119 16.2153628421947
10.7417011866346 18.584657763131
9.90255862940103 8.18974763154984
17.7634951472282 16.9428923539817
19.9118820484728 14.8100228281692
3.38328192010522 12.8741707000881
9.70448423177004 13.948798305355
3.11017256230116 9.00365084409714
17.850704039447 19.940399765037
5.85612263064831 11.7191453231499
18.2392894756049 12.8300335258245
8.34117486607283 3.46111419145018
15.822812737897 16.2835159245878
7.46799868997186 6.96316794026643
13.1631215522066 11.3673655036837
3.62349674571306 15.5056267092004
16.0245609842241 6.1088487599045
13.2900019083172 4.26494372077286
6.41081395559013 5.39637911133468
8.24965715408325 7.05269222613424
18.813600698486 1.03491199202836
8.45740234479308 18.2547457469627
15.9368137409911 2.80380167532712
3.48087364342064 1.7725967336446
17.3980301665142 8.54992800857872
19.4060114631429 16.020471570082
17.6139913126826 2.48662866652012
8.6244920315221 14.3688704632223
14.0376625163481 16.0122118378058
2.56642758846283 0.214738249778748
17.0075042825192 13.7818677350879
9.01541800238192 15.6626887898892
13.2428007619455 11.1823755549267
0.17080812714994 6.19740652386099
11.4682294940576 6.08785061631352
5.62174777500331 16.6888458840549
14.8424055147916 10.9217768162489
14.1095698997378 16.417298913002
12.4672718113288 10.1814189506695
17.8878215234727 7.50396460760385
2.70712003111839 16.936875381507
13.0382446292788 5.48433251678944
9.34260750655085 2.53269737586379
18.536361255683 7.38608327694237
0.0889561465010047 3.73586284462363
12.2984083695337 13.3786245575175
11.1363653372973 17.1309879142791
0.293733342550695 18.7330897152424
8.83153663482517 13.1823681807145
7.13620192371309 19.3755198409781
3.67865006439388 2.81739718280733
16.7688107118011 18.733426220715
17.5895093055442 18.1713305320591
9.94004191365093 9.3597590457648
18.4241879126057 6.49984727147967
17.8303123731166 15.1286339620128
15.5728867929429 6.80745451711118
19.2661178996786 4.56784051377326
13.7883808510378 17.3067870829254
10.7951034698635 8.06349611375481
7.07623885013163 4.7555960714817
18.4120449610054 18.8849523896351
17.2234411491081 10.7784444978461
